16108.87
16295.03
17138.77
17968.80
18827.76
18582.12
19217.60
19561.08
20480.83
21207.62
20677.03
20124.01
19567.20
19209.05
19024.28
18759.66
19789.26
20386.52
19898.75
21031.54
21031.48
21093.08
21293.56
22689.06
22686.61
22857.62
23892.80
24117.38
24292.08
24466.82
24677.42
24194.27
24585.25
25383.63
25372.06
24516.86
23770.37
23755.65
23459.55
22516.08
23689.20
24231.39
24971.86
26000.69
25819.53
25826.82
27007.02
26604.62
27917.57
29025.78
27597.97
29465.78
29706.83
28262.60
28279.33
28996.17
30529.26
29573.03
30049.76
28311.27
28108.18
28451.72
28253.17
27355.65
27002.07
26936.68
28557.40
28921.98
28598.24
30097.78
30565.46
31253.88
31447.64
30771.71
30917.53
30782.51
30245.17
31136.14
29726.35
29685.20
30589.56
30363.83
29772.91
28588.96
28462.36
27975.95
27398.50
25761.46
26186.25
27185.41
27447.31
29006.90
29633.84
29382.00
30264.53
31596.02
33705.47
34107.08
35239.63
36555.73
36945.92
37162.13
38487.45
38278.61
38970.49
38687.85
35585.77
35271.83
31297.03
29368.92
26150.26
27006.42
27805.62
29256.74
28393.73
31136.67
30767.35
31652.82
30965.69
33547.31
34016.35
34371.31
33834.92
34078.28
32567.73
31842.62
31900.68
31643.70
31591.43
31230.33
30103.64
28917.45
27370.79
27523.65
25690.84
24735.17
24465.45
24492.90
23808.53
23623.98
24228.02
23714.26
24146.51
24255.22
23834.00
23760.89
22923.44
21745.05
20970.28
21657.49
21566.14
21429.42
22642.16
22365.31
23405.48
21918.42
21975.95
19944.83
20387.96
20525.94
20707.58
20227.36
21290.32
20539.31
20936.37
20659.16
20727.54
21389.66
21227.25
21258.52
21341.98
21375.87
21479.71
21526.55
21580.68
21495.65
22007.35
22199.86
18287.38
15870.49
14631.29
13451.33
14177.42
13203.55
13290.73
13449.44
14280.75
14007.00
14572.76
14974.88
14811.82
15568.56
16531.64
16873.23
17083.55
17192.53
17424.17
16593.42
16566.14
17093.52
17047.75
16963.02
16390.02
14927.81
14084.57
14889.19
15418.37
15735.14
16443.90
17760.12
17379.95
17159.00
18813.77
19142.97
19702.80
20864.04
21648.29
21933.96
23060.56
23407.69
23641.43
23046.23
23167.96
23028.90
24444.99
25395.32
23202.26
21260.33
19178.42
18248.55
15158.92
14150.82
16252.95
17235.33
17644.54
20003.70
21634.30
22853.16
23932.24
25168.17
26435.75
26924.87
27396.00
27819.04
28248.25
27709.23
28001.80
27306.66
27283.11
27120.00
26246.01
24799.55
23660.78
23792.15
22593.89
22461.04
21539.56
21730.30
21506.04
22848.42
23926.68
23363.69
22676.29
23244.65
23835.27
22951.79
22891.90
22667.75
22237.49
22255.37
22199.47
21749.76
22100.26
22242.05
22616.88
21375.28
20929.07
19721.78
19208.35
19226.33
19677.09
19249.58
19903.03
20151.83
20108.41
20445.85
20059.57
21012.93
21804.25
21943.44
22092.79
22177.45
22316.51
21565.16
21607.72
21565.53
22317.33
21436.52
20521.55
19680.48
18060.07
18534.98
16832.38
17292.82
17856.61
18055.03
17501.79
17981.17
18225.92
17098.98
18127.92
18617.98
16605.25
15663.86
15588.09
15503.54
15434.66
15356.05
15166.77
14978.79
15387.98
14491.75
13277.73
12987.44
11891.88
11088.51
10695.67
11012.02
9358.94
10637.24
9513.22
10644.32
10333.55
10178.04
11176.85
11298.88
11955.73
12026.91
12122.34
13098.13
13275.09
13378.88
13399.58
14411.30
14980.59
14956.38
12043.08
10889.81
10126.37
10141.36
10386.95
10287.28
11096.69
10896.44
12580.04
12628.72
11031.97
12855.92
11017.52
13269.30
14396.89
14850.43
15067.69
15114.96
15447.15
14829.67
14948.96
15787.01
16478.66
16976.40
15814.59
15021.28
12080.76
11810.69
9944.50
10724.86
9240.51
10304.60
11859.61
12668.45
13211.22
13436.29
13272.72
14931.25
16438.81
16989.46
18123.15
18523.13
19650.05
20838.80
21196.81
21140.40
22405.55
22534.11
22162.19
21010.23
18100.59
16614.74
12934.73
11295.98
11378.58
12790.11
14502.13
15669.99
16935.67
18037.51
19159.99
19801.82
20765.58
20235.15
20523.46
19950.40
19320.51
18573.60
19444.80
18163.34
18231.72
18753.29
17738.66
16728.50
16140.33
16765.38
16170.32
15956.96
16489.26
16570.31
16653.99
17691.29
18576.11
18059.74
18165.92
18905.27
19744.75
19893.80
20071.98
21137.21
21364.27
21574.98
21349.96
21208.29
22159.35
22491.73
21918.07
20986.90
19846.33
19414.64
20212.33
18766.83
18977.15
20121.17
19940.08
21337.97
21635.60
22236.91
21644.71
21980.87
22803.97
22990.14
23154.73
23282.84
23410.45
23551.37
23739.52
23838.98
24313.04
24374.68
24900.88
23419.31
22506.96
22399.57
22144.26
22097.54
22308.16
22286.46
22805.05
23071.85
23243.58
22326.70
24128.15
24621.27
25401.86
25589.62
25791.48
26812.70
27090.19
27244.47
27419.66
26128.15
27246.08
27649.53
26039.06
25193.21
25293.27
25267.64
23567.48
23408.20
23755.88
24091.29
24146.98
24333.77
24581.10
25520.79
24995.57
24829.03
26035.11
26998.45
27256.32
27406.50
27620.52
28621.72
28808.85
29748.06
30421.77
29636.22
29809.21
25915.18
24233.96
23231.94
21175.63
20613.80
20850.43
22899.28
23717.90
22853.50
23966.87
23236.22
22998.72
24371.23
25050.82
25312.38
25437.25
24834.38
25837.72
25679.09
26057.09
25558.57
26463.37
26725.04
26213.57
25197.29
24824.05
23474.63
23548.94
22374.65
22827.42
23097.17
21827.29
23400.13
23266.32
23054.55
22761.43
24148.72
25490.66
25674.70
25879.70
26058.02
26185.93
26376.68
26385.76
25987.11
26765.15
27238.53
26784.58
25807.76
24937.56
23775.35
23012.90
22982.58
22703.73
22296.56
22817.91
23671.37
23423.90
22731.26
22688.82
22847.05
23723.07
23799.24
23055.17
23084.79
23132.88
23150.69
23946.22
23600.91
24092.17
24891.29
24266.56
23543.39
22159.30
21573.11
21112.55
20391.89
20011.97
21978.52
21552.30
21061.71
22707.43
22156.61
22713.03
22947.58
24090.50
24247.86
24476.26
24579.69
24820.67
24944.88
25037.37
24621.12
25999.95
25975.45
25341.52
24641.66
23692.56
22615.48
21990.33
22873.10
22985.23
22794.83
23931.06
24124.52
24101.06
23733.20
24292.93
25617.38
26543.95
26531.68
27004.06
28032.22
27320.86
27630.36
27752.06
27888.08
28671.72
28512.81
27241.04
26653.37
25871.99
24285.73
24169.46
23417.83
23953.88
24834.75
25000.14
25272.73
25979.56
26389.19
26679.37
28057.03
29051.75
30112.97
30453.42
31379.00
31107.47
31245.83
31458.82
30567.64
31427.03
30615.51
28754.28
27072.30
25813.57
23675.00
21995.30
22636.58
22343.05
22855.31
24193.10
25479.75
26101.66
26136.36
26783.78
28964.65
29721.59
29886.59
30392.06
31499.86
31863.08
32744.97
32941.98
33180.06
34381.34
33501.61
28620.05
25733.63
23260.24
21203.53
20011.42
17013.13
17089.24
19048.40
21733.01
22910.87
24195.43
25249.18
25677.28
27820.50
29035.38
30437.10
31841.71
32392.35
32855.47
34238.56
34721.35
34152.31
34435.65
34256.05
32011.79
31278.39
30632.65
28888.71
27724.79
27632.76
26851.88
26974.22
27421.11
28276.04
28658.08
29903.38
30827.87
32248.79
33069.04
33336.61
33649.95
33924.13
34130.22
34397.90
34487.66
34357.72
35267.15
35260.55
34432.65
33433.65
33220.41
31077.62
32004.67
30077.81
30723.77
31713.52
31000.77
31874.32
32678.89
32096.05
31982.38
30671.02
30147.90
28794.23
28723.57
28664.38
28606.24
28472.23
28435.55
27392.66
28387.40
27630.61
27372.03
27399.96
24461.08
22253.92
20821.75
18871.40
18114.43
19817.41
21750.72
21666.18
23252.57
23973.67
24407.36
24462.08
25657.57
25945.30
26285.35
25707.03
25840.32
26912.88
27125.79
27136.94
29009.17
28113.31
26055.21
24298.91
24062.57
21923.26
21886.81
21394.98
20898.92
20906.69
21578.75
21245.30
22468.00
22158.56
23414.62
24366.60
25919.43
26204.05
26449.14
26731.02
26083.36
26282.06
26421.96
26576.21
27138.75
25957.22
25101.68
24832.02
23816.58
23118.10
21742.79
22341.16
22768.03
23073.30
23704.46
25112.97
26127.60
25086.23
24780.71
25559.82
28369.06
27849.26
28120.09
28337.22
28592.51
28777.56
28904.38
28981.99
28734.07
28196.21
27897.21
27406.53
26301.70
24639.46
24301.63
24688.14
24126.38
23856.10
24899.79
25468.60
25235.28
25520.93
26078.81
27053.79
27985.20
28229.13
28467.09
29533.60
28914.15
29885.87
29632.38
30753.69
31363.10
29738.63
25586.14
25133.75
23933.54
22216.91
22085.04
20875.01
22501.05
21704.97
22887.44
24057.17
23821.52
25991.78
26111.24
28032.79
28966.24
29374.43
29772.96
30977.31
31297.91
30787.25
30689.03
31208.88
31386.28
31938.64
31335.05
29853.73
29834.04
28948.03
28028.74
27591.05
28258.16
27901.69
29504.71
29405.18
29578.82
29859.57
30088.41
31237.58
33728.44
34211.29
35390.76
35761.18
36099.14
35599.62
35745.37
34713.70
34996.19
34165.37
33436.57
32041.47
30918.40
28597.69
26826.32
24574.87
24474.78
24798.11
23972.74
23641.39
22366.64
22352.60
22235.44
22682.14
23350.38
23341.87
23365.49
23349.94
24215.06
24261.84
25181.47
25110.93
26225.54
24573.32
21432.52
19602.89
17489.33
16494.49
15924.38
14326.28
13201.69
15336.93
16238.42
17168.64
19206.75
18868.41
20429.11
21998.38
22277.50
22687.36
23179.88
23645.53
23980.01
23508.59
22822.64
22814.05
22195.67
21550.51
20661.90
19191.11
17887.07
17226.70
17513.75
16889.93
16056.92
16442.94
16929.31
17325.71
17515.50
16907.87
17158.91
17757.41
18628.12
18655.52
18862.95
19103.75
19207.24
19336.11
19422.74
19560.87
19408.52
19063.49
17319.10
17860.77
17505.10
16395.72
16009.98
15212.62
15335.64
16022.80
16472.51
16809.86
16965.40
17069.50
17040.18
17031.81
18279.35
18014.64
18648.98
18808.33
18988.87
19093.54
20109.46
19355.33
20255.45
19516.12
17348.80
17644.70
16785.14
15112.84
15293.29
15203.14
15577.47
15332.26
17103.63
16692.81
17801.68
17612.91
18076.77
17953.31
19250.19
20261.11
20619.62
21748.41
22020.89
22247.14
22435.27
22570.94
22902.28
22315.41
22432.12
19242.37
21042.35
20826.38
20140.04
19976.38
19632.24
20234.63
22483.44
22429.79
23777.24
24010.12
24854.22
25928.21
27336.30
27415.12
27238.07
27612.89
27893.18
27104.41
27419.81
26975.86
29018.64
28756.15
27531.98
26559.26
23162.43
21581.81
18453.83
16261.78
13721.06
15212.88
15719.49
16846.73
19122.99
19892.42
20566.69
22819.45
24097.70
25406.17
25826.44
27116.52
27651.42
28078.22
29335.29
29522.61
30004.38
26414.27
22939.29
20342.38
17857.88
16652.72
14832.69
13181.05
11747.78
13341.78
15111.40
17231.38
18786.85
20929.57
22366.88
23250.62
25229.67
25612.31
26397.36
26910.66
26590.97
26952.89
28102.07
28092.06
28861.62
25770.38
22592.83
19607.71
17653.24
15161.84
13139.93
12243.99
9829.17
10896.24
12421.81
13721.32
14461.05
15476.59
16051.82
18246.71
20306.92
20837.38
21324.70
22673.50
23152.59
23510.10
23928.17
24156.38
24263.49
24682.50
24198.89
22785.05
22505.07
22331.41
21406.18
19694.85
19772.08
21407.78
21086.79
22395.03
23247.99
23368.23
23326.16
24751.08
25619.09
26776.04
27139.05
28312.82
28690.35
28983.05
29314.37
29532.10
29577.00
26201.83
22699.59
20536.15
17562.65
15395.54
14742.93
12210.90
10818.71
13543.89
16627.69
15964.74
17294.07
16607.86
17877.72
18958.13
19985.23
20352.66
20786.27
21059.98
21491.93
21810.35
22080.66
22243.03
22973.28
21025.18
20509.93
19940.26
19283.26
15944.76
15510.86
13717.45
11802.19
12422.12
16078.70
18628.13
18646.38
18269.84
19337.89
20396.75
22400.09
22013.57
22413.61
23613.28
23998.53
25155.44
25221.17
25520.33
27234.58
23704.06
21398.53
18874.13
16247.31
14465.11
13477.63
11256.62
10217.20
11211.99
13981.30
15307.56
17248.02
17661.00
17951.42
20892.79
21603.12
22948.44
24439.60
25898.36
26418.24
27831.59
28334.06
28726.33
29185.72
27387.21
25425.57
24168.81
20360.52
16991.16
14729.55
13832.64
11782.95
12367.58
14365.21
15552.60
15945.49
15715.28
15843.11
15491.00
16122.58
18790.49
19958.34
21149.02
20624.93
20873.03
21961.42
22852.92
22578.90
18782.83
15516.98
12470.98
10632.13
10291.12
10350.37
9122.47
9201.87
11138.43
12012.81
13936.90
14912.01
16087.28
17604.68
19506.83
20680.54
21181.56
23387.30
23930.46
24352.91
24878.49
26073.54
26139.52
25778.28
25204.88
24046.14
22239.83
21628.87
20896.00
19296.54
17799.09
17180.26
17451.40
18385.20
20281.94
21325.03
21763.55
21915.92
22958.64
25068.36
26318.04
26595.78
27094.07
26552.06
26742.10
26988.62
27097.64
25872.93
25515.54
22010.78
20224.84
17909.89
19329.19
18864.03
18123.03
18175.87
18663.42
19569.27
19341.80
20318.94
19796.08
20219.70
20587.84
21210.26
21984.20
23329.21
24445.91
24740.70
25059.58
24462.65
25426.26
24893.49
21307.74
18409.66
16438.97
15360.07
14825.76
13336.46
12968.06
12855.06
13354.15
14926.99
16438.90
17815.56
18057.51
18427.01
19847.35
20874.76
22108.32
23362.14
23754.29
24975.73
25365.10
25731.06
26886.45
27506.96
24458.18
23545.58
21310.43
18888.31
17600.89
16398.51
15323.92
13206.97
12888.70
14351.69
16185.45
17715.53
18127.47
19750.25
20677.48
22666.36
23986.06
25304.91
26656.68
27099.16
28471.99
28940.59
28797.11
29746.45
27593.87
24469.67
21413.36
17123.45
14748.29
13027.64
11754.39
10215.87
10183.68
13178.13
14318.50
16284.10
16856.60
18208.89
18329.65
19881.58
21181.67
22500.08
23003.04
24269.99
25401.42
26005.31
26309.00
26490.81
24833.34
22746.83
18637.70
15418.31
13490.29
11935.21
9758.21
8138.15
7378.87
9848.82
12932.14
15132.80
17249.47
17756.60
18004.21
19264.41
18885.73
19305.89
19616.88
20067.01
20334.98
20585.05
19966.26
20055.28
21189.07
18627.10
17285.21
16030.46
14861.18
13935.62
11567.36
11097.75
10040.33
13205.22
15911.95
17628.67
18131.70
17993.87
17627.97
17118.85
16077.24
16589.82
16929.44
17359.10
17167.95
18128.66
18144.47
18500.68
18280.56
17726.27
17020.81
17585.98
17974.47
17643.62
16167.27
14651.23
16249.64
17369.83
17248.10
18568.47
18992.93
19889.93
21197.12
22296.29
22648.62
23000.72
24085.46
23638.20
23025.33
24023.18
23009.04
23373.22
22591.36
20893.10
19974.94
19843.04
19126.48
18842.12
16631.95
15415.07
16741.80
18924.86
19140.64
20543.20
19795.46
20925.62
21422.85
22666.14
22688.25
23258.37
24396.25
24765.90
25050.65
24348.43
24421.07
24591.80
23320.76
21528.21
20681.37
20601.92
20361.86
19100.63
17813.92
17969.90
17584.49
18145.92
21704.12
21973.40
22841.37
23597.91
24696.93
26798.88
28098.42
28634.84
28245.79
29441.48
30641.59
31104.77
31430.94
31940.18
27693.71
25825.04
23523.19
22518.86
21912.36
21041.54
21610.50
19796.95
21934.27
22203.63
22682.74
23913.55
23918.11
26180.39
27065.55
27919.39
28282.10
28617.11
28992.65
29229.92
29413.88
30583.89
29844.73
30440.40
28763.20
28913.42
28003.70
27265.92
26205.61
27052.29
24426.07
23239.08
21040.21
23301.74
24610.51
26205.38
25738.33
26566.15
27321.22
28381.40
28700.87
29891.08
30170.60
30481.49
31573.88
31660.49
32769.10
32247.58
27768.40
25334.31
24120.03
24800.32
23757.61
23741.16
24124.36
23357.00
23095.10
22929.66
25598.04
25218.44
25830.63
25757.05
27236.05
28435.72
29621.95
30859.53
31224.74
32423.10
32837.97
34031.10
35096.24
35712.19
29220.99
26204.78
23437.36
22841.72
22390.57
22994.10
21533.20
21606.42
21492.55
21203.25
21019.74
22149.67
21566.62
21621.77
23974.49
24847.22
24808.66
25280.59
25565.04
25784.60
26818.90
27032.33
27105.29
27017.97
25081.66
25501.13
24498.50
25314.79
25096.42
24381.78
23636.57
23041.90
21304.08
22740.19
23823.01
25468.89
26165.43
27296.50
27787.38
29183.14
30438.89
30825.72
31218.66
32448.62
32769.00
33935.75
33750.41
33388.08
29272.82
26569.61
25623.67
23597.69
21998.50
19409.00
18538.61
17127.74
16014.05
17706.86
19673.45
21501.05
22156.36
22528.08
25033.29
26947.09
27479.42
28891.60
29476.89
30826.60
31358.96
31556.84
30523.01
30635.02
28618.70
27377.03
23720.25
20463.90
18978.62
15899.57
15105.76
14041.57
14021.13
14890.16
18184.20
19013.29
20261.06
21140.57
22691.61
25119.18
25697.37
26341.22
27647.38
28231.57
28718.74
29184.69
29470.14
28747.51
27781.67
27407.21
24387.16
22894.12
20950.88
19600.15
18014.74
16546.74
16992.45
20620.44
22191.56
21032.92
22819.44
23549.33
24211.78
25445.11
25903.15
26336.61
26766.06
27102.67
26619.83
26603.43
26941.29
26850.80
24840.20
24740.72
24372.72
23351.15
21952.49
20980.35
21090.63
19775.97
19621.53
19114.00
19972.67
19327.02
19312.32
20732.80
20423.85
21570.01
21739.89
21891.67
22038.86
22170.06
22290.72
23202.60
22584.78
22886.17
21859.76
21048.98
20955.85
19947.06
19612.81
19623.74
19218.43
18034.93
16412.99
16672.32
18475.94
17686.74
16245.44
18777.95
18386.66
19705.79
19691.96
20027.70
20185.63
20412.43
20549.72
20347.84
20403.66
20761.53
19928.58
17856.17
18565.93
17532.85
17256.88
16980.58
16824.78
15122.63
15134.07
19094.33
21716.28
21641.78
19834.90
21073.46
22023.22
23722.49
24044.05
25258.19
25614.44
25934.93
27092.73
27272.93
26784.34
25913.27
25027.22
23288.74
23842.22
22851.25
20749.76
20217.48
20460.69
19150.05
21103.19
21041.69
21694.90
22042.88
22951.57
22513.21
22501.52
23773.45
23908.90
24224.02
24215.04
24608.68
24748.82
24865.61
24872.20
24278.93
24364.35
23774.27
21702.73
21247.08
20818.61
20156.96
20653.93
18784.09
17882.65
19015.98
18593.06
19220.15
19346.99
20138.52
21096.10
22112.63
22332.99
24198.78
24628.03
25783.15
24376.55
23675.38
23524.66
22700.33
21755.29
19222.71
18214.91
17074.90
15220.12
14275.46
13229.38
12998.03
11760.89
12632.37
11534.13
14937.88
16077.85
14884.25
16198.04
18342.24
18665.46
18148.59
18337.22
19443.49
19682.25
20693.44
20596.61
19916.75
15613.01
12107.32
8695.58
6987.83
6249.67
4108.95
1080.88
0.00
0.00
0.00
3040.32
4843.33
5505.18
7516.56
8392.02
10693.22
13034.64
12881.64
14294.35
14854.76
15270.13
14898.88
15020.36
12988.75
9586.36
8229.74
5696.27
1378.97
2013.90
0.00
2511.20
1518.83
464.82
1428.36
2014.30
3221.26
3640.71
5474.67
5414.46
7433.72
6876.77
7270.51
7551.80
8655.83
8909.67
10053.34
9445.29
5880.88
5548.21
5812.34
6540.66
6731.23
6962.79
6342.05
4456.67
1991.01
1881.32
2587.56
3078.19
3546.28
2903.12
3363.38
4624.42
5918.45
5749.80
7262.21
7543.56
7774.55
7926.82
7801.88
8960.07
7830.67
7365.11
5987.81
7172.01
5818.07
4651.76
4594.60
5811.41
4297.45
6741.91
6392.28
8349.48
9361.09
11916.82
11056.63
12267.56
13993.97
15306.82
15750.80
16141.89
16582.83
16989.26
17285.25
16727.48
15177.89
15112.55
12694.94
10875.53
8334.84
6984.23
6232.19
3726.01
2106.42
963.97
2701.89
4203.98
6681.01
7114.10
7578.56
10005.40
10314.87
10804.44
11214.71
12535.59
13095.80
14339.06
14701.61
15599.34
13465.84
11297.74
8558.07
6642.69
6669.15
4596.29
4132.48
1980.73
954.98
0.00
1257.50
3395.09
6073.46
6492.27
8156.07
11176.44
11924.26
13949.43
15759.08
17394.19
18900.24
20370.92
21084.14
20513.27
19185.87
15916.36
13628.87
9385.23
7177.36
5789.12
3034.39
2142.96
0.00
0.00
0.00
2160.11
3776.48
3607.04
4276.27
5584.55
7584.85
8709.23
11145.48
11469.19
13135.98
13656.16
14941.09
14724.87
13845.89
11007.36
5414.14
3979.07
1306.39
0.00
0.00
0.00
0.00
0.00
0.00
0.00
0.00
0.00
0.00
1339.13
4195.07
6617.88
7324.97
8035.21
7779.70
8188.65
8693.38
8551.72
8664.97
4402.29
1596.88
1238.62
0.00
0.00
0.00
0.00
0.00
0.00
0.00
0.00
0.00
0.00
0.00
2661.64
5892.94
6791.63
8536.20
10198.13
11868.30
12676.02
13345.97
13676.22
12562.69
11702.06
12675.67
11662.93
10868.96
9536.63
9884.84
7435.12
6312.75
7667.88
8017.24
8021.89
10872.32
10388.38
11530.53
13412.48
14437.97
13948.24
14309.04
14607.86
14847.73
15146.17
15395.30
15173.96
14050.46
12979.52
12654.90
12900.48
12279.25
10992.56
12415.79
9397.64
7560.75
6255.86
6673.28
10228.35
10256.48
11570.33
11859.75
13049.49
13433.53
13786.46
14865.74
15285.60
15683.51
16006.02
16228.10
16019.10
14705.06
13270.52
12099.23
10547.50
11030.78
11259.97
11010.26
11433.44
10428.78
9448.09
10165.09
9936.73
11456.45
11812.80
13340.46
14014.98
15999.58
17756.35
18502.37
19616.62
20350.88
19880.47
19312.69
17803.88
16893.56
15803.74
15093.39
13807.89
10400.34
9323.83
7370.02
4766.79
3578.39
1291.59
1632.29
3520.48
4768.90
4916.68
5079.19
6284.15
8083.84
8200.77
7843.72
8911.92
9151.53
9306.62
9617.82
10263.16
9705.07
8943.56
9143.12
9220.99
9060.77
9520.57
6777.66
7832.88
6352.21
5797.62
6299.02
9953.64
11259.14
11687.65
12046.61
12344.32
13046.11
12888.90
13351.21
14021.29
14521.63
14914.33
15722.50
14810.05
15105.66
15436.80
14817.85
14771.46
14013.59
14006.80
16041.45
15214.76
15620.61
13906.73
13111.44
14113.81
15872.69
15544.63
16354.85
16544.22
17998.95
19163.07
19604.26
21679.71
22929.46
25092.49
25590.83
24145.44
22322.17
19931.38
17076.55
14377.12
13589.96
11627.16
10405.47
8788.51
8268.87
7776.36
9246.93
10182.28
11190.85
12274.06
12843.13
12611.37
15257.04
15685.01
16098.39
16565.03
16909.81
16415.31
17426.73
17343.73
16461.19
16322.95
16847.12
16092.06
15525.07
15086.72
14566.52
14427.15
13227.67
11799.82
11994.36
12747.82
14941.80
15275.75
15495.81
15857.34
17050.37
18171.23
18557.95
19748.50
19118.29
19317.32
19650.26
19270.39
18768.13
17524.92
15018.13
12234.68
11707.41
9304.14
9240.59
7215.86
7112.60
4891.07
4957.20
6356.30
7728.56
8471.71
10288.35
10939.99
12873.49
13278.78
14525.84
14986.61
15354.52
15694.03
15848.65
15865.49
15377.82
15348.67
14696.22
15119.18
15820.71
15687.83
15662.96
14668.69
14317.78
13594.16
13823.48
15429.36
15252.34
15931.86
16218.45
16348.14
18029.29
18332.94
18730.94
18988.00
20149.89
20476.37
20727.33
20352.27
19787.94
18759.44
18454.21
18236.76
17952.32
16267.96
16612.73
15932.59
15440.96
13713.50
13315.40
14774.36
15339.04
16482.97
18608.68
20054.25
20410.59
22504.88
22991.16
24261.18
25590.97
26045.37
26398.07
22775.08
23270.92
20330.46
17297.05
13554.75
13174.09
12555.95
12908.83
11732.59
11369.35
10624.38
11946.61
12539.58
13878.71
14977.57
15253.30
17067.71
17714.51
18937.70
19327.06
19741.22
20019.97
20345.63
20644.19
20327.85
20006.90
19212.41
18855.85
18172.45
17480.56
17570.49
17994.98
18528.69
15714.30
15900.95
15250.96
17343.70
19745.15
19243.77
20317.64
20209.76
22749.90
23693.16
23618.28
23765.19
24367.83
24494.20
25599.95
24374.77
21477.73
19618.16
18529.36
17909.92
16657.40
14872.99
13721.98
12619.03
10854.03
11036.45
10856.50
11844.56
15974.91
16431.47
17379.30
18429.55
20717.35
22224.81
22784.81
23380.81
23931.56
23592.81
24668.44
23185.98
20414.35
17318.25
13931.06
11501.40
10047.22
8232.58
6264.12
4955.84
4529.02
4613.35
5816.16
6789.26
8230.06
9022.49
9460.53
10308.19
12250.36
12712.28
12300.14
13523.55
13929.45
13338.31
13298.39
11365.68
9010.21
7823.49
8690.21
7972.78
6563.01
4634.06
2874.34
2797.20
1386.23
0.00
0.00
453.65
2079.20
2900.95
3954.92
4413.06
6092.35
7278.50
7689.79
8040.87
10108.26
11158.52
11734.07
8914.95
7842.50
6031.16
5605.17
4177.54
3010.30
2200.46
3172.24
5385.67
7247.50
5573.33
7370.09
7629.38
8309.39
10792.14
11949.37
14602.57
13847.16
14056.99
14726.58
15119.51
15480.53
15747.73
15509.97
15426.89
14086.23
13091.74
13307.90
12246.53
11827.91
10765.96
11004.32
10516.29
10885.54
10089.47
9368.17
10834.62
12747.04
12455.76
13189.30
14056.41
15269.89
15312.57
15880.87
17021.95
17353.68
17628.32
17829.00
17288.33
15563.04
14357.91
13377.71
13290.82
14314.58
12580.96
12932.04
10423.34
7878.98
6764.76
5751.02
7908.68
10519.50
10367.54
13140.24
14416.24
16839.74
18288.08
19693.25
21162.08
21823.09
22305.90
23546.38
20756.68
18214.69
15328.08
10227.28
8212.75
7875.11
6263.79
4585.20
3731.19
2418.93
2476.29
2374.91
3867.34
5149.29
7136.05
8172.01
9762.65
12077.87
12713.24
13291.30
14676.02
16066.49
16518.14
17650.75
15212.24
13515.28
9747.33
5883.59
5876.49
4609.84
4980.69
5605.37
3158.90
3772.24
3244.33
4829.18
5074.63
5495.31
7396.33
7040.81
8260.48
11465.25
12016.42
13340.58
13925.04
15204.25
15758.58
16027.14
15568.68
14077.62
12705.85
12028.02
12825.65
10584.15
9279.34
6682.63
6631.18
5358.74
5985.85
4712.13
7090.80
8498.14
8604.27
10992.64
13416.32
15691.26
18074.71
19732.52
21261.34
21995.79
23513.22
23611.24
21789.65
18425.56
16431.64
15854.28
14611.63
12349.74
11131.32
10261.56
8507.85
7456.39
6884.22
6242.32
7882.82
9864.30
10907.44
11984.52
12774.03
14543.40
15909.71
16514.04
17817.13
19247.80
19703.51
19875.56
17288.20
15692.30
12641.49
9517.40
7557.63
6333.65
5161.22
4344.05
2683.18
2243.49
1750.23
1347.20
2059.26
4069.30
4379.36
5178.45
6572.00
8641.74
10815.80
12295.90
12937.92
14371.89
15810.25
15910.12
13909.60
12330.66
8495.99
5254.12
2940.94
1263.70
1023.49
169.69
0.00
0.00
0.00
0.00
0.00
0.00
1132.34
2774.98
4690.95
7186.63
7796.93
7575.49
9021.11
11188.91
12665.27
12412.95
10870.69
9723.97
8651.19
4835.21
1607.05
534.63
1318.96
1432.72
3319.96
1642.65
0.00
0.00
1050.76
2304.56
3962.82
5459.20
7823.24
9524.74
10960.72
11588.10
12956.56
13556.23
14855.20
14954.39
13556.08
11133.08
8345.87
5101.42
3525.30
3112.73
952.25
473.52
425.49
0.00
0.00
1616.77
1803.85
2910.70
4072.91
6108.11
8139.38
10437.88
10157.78
10767.60
11280.60
11721.30
12963.79
13315.31
12474.30
10964.45
12095.36
10335.22
8421.26
6504.87
5794.50
5511.61
5360.49
3687.54
3311.74
2093.27
3403.99
6297.28
7553.81
7514.57
10796.98
13114.55
13367.65
14326.28
15526.27
17200.01
17782.61
17954.72
15511.36
12172.05
10635.02
7507.74
5845.06
5232.82
3980.89
4090.78
3448.99
2649.74
2252.53
2216.49
2927.94
5836.41
6328.46
7135.61
9763.71
12009.95
12491.22
14103.03
14670.20
16001.38
16604.41
15927.23
13451.72
11032.79
8769.95
4727.44
1445.41
668.23
281.84
0.00
0.00
0.00
0.00
0.00
2400.42
4210.83
3797.13
6052.31
6433.56
8291.43
8883.28
9348.72
9834.24
10347.32
11508.85
11535.06
10641.01
9990.07
7726.52
6111.47
6343.25
5351.30
4069.10
4659.83
1840.47
716.33
0.00
0.00
253.09
1112.11
2982.71
4217.03
3862.46
6116.80
6641.29
7940.08
8412.31
8860.55
9235.97
8958.93
5890.86
4540.00
2596.05
0.00
0.00
0.00
0.00
0.00
0.00
0.00
0.00
0.00
0.00
0.00
0.00
0.00
0.00
0.00
12.32
1431.31
3702.19
4285.55
4806.63
4600.39
2018.82
527.31
0.00
0.00
0.00
0.00
0.00
0.00
0.00
0.00
0.00
0.00
0.00
0.00
0.00
0.00
0.00
0.00
0.00
876.33
2308.52
3195.68
4658.52
4955.43
3534.56
1233.24
0.00
0.00
0.00
0.00
0.00
0.00
0.00
0.00
0.00
0.00
0.00
0.00
0.00
0.00
0.00
0.00
0.00
0.00
0.00
0.00
0.00
0.00
0.00
0.00
0.00
0.00
0.00
0.00
0.00
0.00
0.00
0.00
0.00
0.00
0.00
0.00
0.00
0.00
0.00
0.00
2490.94
3748.59
4616.31
4916.68
4713.71
3204.96
2544.03
716.52
0.00
0.00
0.00
0.00
0.00
0.00
0.00
0.00
0.00
0.00
0.00
0.00
0.00
0.00
1169.88
3258.26
4712.10
7613.45
9346.12
11067.97
11121.86
9335.27
5107.09
3196.85
1280.86
0.00
0.00
0.00
0.00
0.00
0.00
0.00
0.00
0.00
0.00
0.00
0.00
0.00
1679.97
4405.62
5920.13
7075.60
8736.02
10422.51
11146.66
8320.06
4314.36
1276.32
0.00
0.00
0.00
0.00
0.00
0.00
0.00
0.00
0.00
0.00
0.00
0.00
0.00
0.00
0.00
2537.41
3357.46
4887.67
6602.73
7347.01
7977.83
8040.43
6550.50
5684.56
6774.79
5868.97
6314.89
5328.97
3596.04
2111.09
2229.42
4025.53
2988.24
1568.67
3668.89
5570.80
8195.57
8609.21
10478.78
12761.45
13431.10
14941.22
16455.20
16954.66
16838.19
14816.27
13961.74
12356.49
10960.06
10593.41
9596.89
9226.16
10145.60
9478.13
8242.10
8492.70
7648.57
5905.89
7534.53
8692.14
8548.07
8431.48
9357.54
10281.22
10328.40
11599.00
11058.12
11242.28
11444.86
10257.08
9146.43
8003.57
7405.87
7127.14
6717.33
5283.25
6245.06
3219.90
3163.46
3059.38
2251.64
1968.98
3450.81
6089.90
6237.33
8251.14
11976.32
13112.28
13795.46
14354.77
14876.74
15460.54
15023.01
13951.87
10421.99
9260.99
4549.60
1832.00
240.61
428.48
0.00
0.00
0.00
0.00
0.00
0.00
0.00
0.00
1171.11
1683.63
4353.88
6602.86
8137.18
8906.93
9569.94
10104.67
9786.60
7849.85
2583.89
219.25
0.00
0.00
0.00
0.00
0.00
0.00
0.00
0.00
0.00
0.00
0.00
0.00
0.00
0.00
799.22
4980.91
7384.35
9106.64
10708.73
11503.05
12148.01
10259.80
6974.73
6070.73
4375.72
2894.44
2170.31
509.61
0.00
0.00
0.00
0.00
0.00
0.00
0.00
0.00
0.00
0.00
0.00
3199.81
4557.73
4486.68
4993.95
5525.36
5898.18
5481.55
3837.76
3558.99
1744.92
0.00
0.00
0.00
0.00
0.00
0.00
0.00
0.00
0.00
0.00
0.00
0.00
452.34
793.52
3632.19
4309.67
5021.85
6466.58
7137.78
7645.77
6138.43
4144.56
3435.84
2198.02
3128.81
1841.98
1776.92
1996.65
1465.70
458.65
0.00
0.00
392.06
1732.20
2396.07
3845.01
4061.86
6764.94
8020.24
9471.72
10965.46
11560.36
12937.66
13472.16
10744.22
8070.38
6118.42
5686.58
4788.66
4365.88
3560.67
2579.29
2074.17
1271.91
0.00
0.00
171.79
47.15
3500.66
4210.13
5811.64
7085.54
10002.26
11225.74
12224.65
13684.46
15181.92
13811.86
11325.02
7806.22
4946.85
2958.40
1041.16
460.85
0.00
0.00
0.00
0.00
0.00
0.00
0.00
0.00
1273.32
1041.90
3715.08
4402.39
6817.91
8354.18
9901.09
11344.62
11329.02
11764.99
9815.44
6046.72
6023.25
3509.07
1959.56
875.25
0.00
0.00
0.00
0.00
0.00
0.00
0.00
0.00
0.00
821.44
2959.74
4089.61
6603.85
8039.79
8861.73
9532.73
11026.97
10604.33
8737.80
5716.70
2934.90
1221.69
0.00
0.00
0.00
0.00
0.00
0.00
0.00
0.00
0.00
0.00
0.00
0.00
0.00
0.00
1440.64
2046.47
4423.15
5039.42
6557.96
7131.20
6952.71
6189.69
3934.30
4792.87
4289.42
2824.70
630.36
0.00
0.00
0.00
0.00
0.00
0.00
0.00
0.00
0.00
2520.54
4556.27
6735.67
7414.41
8087.19
8722.82
10121.09
9704.36
7586.14
4447.89
1285.66
1235.05
0.00
0.00
0.00
0.00
0.00
0.00
0.00
0.00
0.00
0.00
0.00
0.00
0.00
0.00
0.00
0.00
45.23
587.17
1106.93
1462.84
1156.52
0.00
0.00
32.75
0.00
0.00
0.00
0.00
0.00
0.00
0.00
0.00
0.00
0.00
0.00
0.00
0.00
506.57
2513.78
3233.05
3852.54
4469.45
5811.04
5451.24
3444.41
1047.55
145.83
0.00
0.00
0.00
0.00
0.00
0.00
0.00
0.00
0.00
0.00
0.00
0.00
0.00
0.00
0.00
1071.40
2631.92
3248.19
4808.37
5418.03
5029.98
3044.93
1684.52
0.00
0.00
0.00
0.00
0.00
0.00
0.00
0.00
0.00
0.00
0.00
0.00
0.00
0.00
0.00
0.00
0.00
0.00
1347.43
2726.24
3282.64
3761.01
1605.07
0.00
0.00
0.00
0.00
0.00
0.00
0.00
0.00
0.00
0.00
0.00
0.00
0.00
0.00
0.00
0.00
0.00
616.42
1735.42
3014.47
4265.43
5559.64
5798.72
3167.83
3073.95
3281.32
2435.49
2174.46
372.45
0.00
0.00
0.00
0.00
0.00
0.00
0.00
0.00
0.00
809.10
2136.39
4296.86
6000.96
6613.72
7234.29
9444.06
9241.51
8591.29
6469.71
4571.57
4228.70
3722.58
2866.27
1928.20
597.17
0.00
0.00
0.00
0.00
0.00
0.00
0.00
0.00
0.00
1082.53
2540.59
4623.74
5228.83
5848.39
7207.41
8615.68
7925.00
5320.20
1623.48
0.00
0.00
0.00
0.00
0.00
0.00
0.00
0.00
0.00
0.00
0.00
0.00
0.00
0.00
0.00
0.00
0.00
0.00
1623.12
2357.82
3993.52
3615.40
1391.60
0.00
0.00
0.00
0.00
0.00
0.00
0.00
0.00
0.00
0.00
0.00
0.00
0.00
0.00
0.00
0.00
0.00
0.00
0.00
886.91
1589.07
2211.18
1729.19
45.74
0.00
0.00
0.00
0.00
0.00
0.00
0.00
0.00
0.00
0.00
0.00
0.00
0.00
0.00
0.00
0.00
0.00
0.00
1340.97
2053.97
2663.64
3258.76
4528.07
3288.03
2363.13
1976.09
521.34
0.00
0.00
0.00
0.00
0.00
0.00
0.00
0.00
0.00
0.00
0.00
0.00
0.00
1087.15
2038.02
2298.15
3163.77
4456.09
4877.31
5347.58
4982.55
3635.99
6507.22
5803.00
4671.09
3204.72
1733.56
697.79
1556.99
1001.06
0.00
0.00
0.00
0.00
357.69
1122.12
2675.13
4691.08
6454.94
7898.55
8483.68
9049.83
9595.41
9614.12
8185.40
6986.02
6231.96
4419.73
4076.60
1407.38
1353.27
0.00
9.69
0.00
0.00
0.00
0.00
0.00
180.89
0.00
3098.64
4978.82
6110.59
6749.09
7056.72
7829.51
7494.07
7507.80
6361.34
4818.58
5222.68
4480.07
4106.48
2939.31
1637.66
2184.57
498.87
0.00
0.00
565.85
105.12
1498.41
1161.74
1487.83
2386.60
2966.53
4012.54
4278.12
5467.18
6605.84
7810.22
7177.22
5467.68
4125.78
3101.74
2102.97
0.00
0.00
0.00
0.00
0.00
0.00
0.00
0.00
0.00
0.00
0.00
0.00
0.00
72.62
1465.45
2111.65
3153.90
4016.05
4640.26
4863.68
4209.10
3470.58
4311.76
3545.51
3193.44
1977.05
589.68
0.00
0.00
0.00
0.00
0.00
0.00
0.00
0.00
0.00
0.00
0.00
1165.23
2515.27
3152.11
3682.36
5859.80
6794.78
3736.28
1525.72
500.17
0.00
0.00
0.00
0.00
0.00
0.00
0.00
0.00
0.00
0.00
0.00
0.00
0.00
0.00
0.00
0.00
0.00
1101.01
2639.37
4160.52
5364.73
3882.28
0.00
0.00
0.00
0.00
0.00
0.00
0.00
0.00
0.00
0.00
0.00
0.00
0.00
0.00
0.00
0.00
0.00
0.00
0.00
0.00
0.00
1191.86
1028.17
686.62
0.00
0.00
0.00
0.00
0.00
0.00
0.00
0.00
0.00
0.00
0.00
0.00
0.00
0.00
0.00
0.00
0.00
0.00
0.00
0.00
0.00
0.00
0.00
0.00
0.00
0.00
0.00
0.00
0.00
0.00
0.00
0.00
0.00
0.00
0.00
0.00
0.00
0.00
0.00
0.00
0.00
0.00
0.00
0.00
0.00
0.00
0.00
0.00
0.00
0.00
0.00
0.00
0.00
0.00
0.00
0.00
0.00
0.00
0.00
0.00
0.00
0.00
0.00
0.00
0.00
0.00
0.00
0.00
0.00
0.00
0.00
0.00
0.00
0.00
0.00
0.00
0.00
0.00
0.00
0.00
0.00
0.00
0.00
0.00
0.00
0.00
0.00
0.00
0.00
0.00
0.00
0.00
0.00
0.00
0.00
0.00
0.00
0.00
0.00
0.00
0.00
0.00
0.00
0.00
0.00
0.00
0.00
0.00
0.00
0.00
0.00
0.00
0.00
1013.96
1574.06
2050.61
2582.16
3068.72
3772.34
2830.40
1281.96
806.61
426.57
0.00
0.00
0.00
0.00
0.00
0.00
0.00
0.00
0.00
0.00
0.00
0.00
0.00
0.00
281.87
825.87
1483.20
2889.80
4333.83
5377.38
4168.68
0.00
0.00
0.00
0.00
0.00
0.00
0.00
0.00
0.00
0.00
0.00
0.00
0.00
0.00
0.00
0.00
0.00
264.10
1849.20
3470.92
4188.10
4940.37
5444.27
3385.29
0.00
0.00
0.00
0.00
0.00
0.00
0.00
0.00
0.00
0.00
0.00
0.00
0.00
0.00
0.00
0.00
0.00
0.00
0.00
886.02
3036.98
3051.62
3314.56
2255.52
0.00
0.00
0.00
0.00
0.00
0.00
0.00
0.00
0.00
0.00
0.00
0.00
0.00
0.00
0.00
0.00
0.00
0.00
0.00
531.07
2001.42
3518.78
3846.70
2841.96
0.00
0.00
0.00
0.00
0.00
0.00
0.00
0.00
0.00
0.00
0.00
0.00
0.00
0.00
0.00
0.00
0.00
0.00
0.00
0.00
0.00
842.54
1046.86
0.00
0.00
0.00
0.00
0.00
0.00
0.00
0.00
0.00
0.00
0.00
0.00
0.00
0.00
0.00
0.00
0.00
0.00
0.00
0.00
0.00
0.00
429.56
1412.16
0.00
0.00
0.00
0.00
0.00
0.00
0.00
0.00
0.00
0.00
0.00
0.00
0.00
0.00
0.00
0.00
0.00
0.00
0.00
0.00
0.00
0.00
0.00
0.00
0.00
0.00
0.00
0.00
0.00
0.00
0.00
0.00
0.00
0.00
0.00
0.00
0.00
0.00
0.00
0.00
0.00
0.00
0.00
0.00
0.00
0.00
0.00
0.00
0.00
0.00
0.00
0.00
0.00
0.00
0.00
0.00
0.00
0.00
0.00
0.00
0.00
0.00
0.00
0.00
0.00
0.00
0.00
0.00
0.00
0.00
0.00
955.96
668.38
0.00
0.00
0.00
0.00
0.00
0.00
0.00
0.00
0.00
0.00
0.00
0.00
0.00
0.00
0.00
0.00
386.88
2498.09
3722.34
4473.42
5900.95
7302.29
7512.06
6120.66
2880.36
1579.45
832.02
459.93
0.00
0.00
0.00
0.00
0.00
0.00
0.00
142.23
0.00
1255.41
736.87
1634.39
2985.75
4510.79
4934.42
4600.88
4953.34
5394.58
5499.08
5381.68
3970.95
5501.31
4602.73
2516.29
919.13
0.00
652.67
0.00
0.00
0.00
665.61
0.00
0.00
0.00
0.00
0.00
1770.49
3498.28
3740.02
5290.36
6568.66
7939.92
8261.15
7302.85
4835.68
3375.50
0.00
0.00
0.00
0.00
0.00
0.00
0.00
0.00
0.00
0.00
0.00
0.00
0.00
0.00
0.00
0.00
466.77
1030.02
2342.52
2554.24
2957.13
623.35
0.00
0.00
0.00
0.00
0.00
0.00
0.00
0.00
0.00
0.00
0.00
0.00
0.00
0.00
0.00
0.00
0.00
0.00
0.00
398.92
1866.40
2554.09
2799.33
1779.06
0.00
0.00
0.00
0.00
0.00
0.00
0.00
0.00
0.00
0.00
0.00
0.00
0.00
0.00
0.00
0.00
0.00
0.00
0.00
1164.95
1714.99
3927.27
4296.45
3040.05
1032.32
42.53
0.00
0.00
0.00
0.00
0.00
0.00
0.00
0.00
0.00
0.00
0.00
0.00
0.00
1944.49
3446.04
5043.96
4934.10
4695.14
5054.35
6190.23
6811.06
5283.76
4351.56
4065.32
2147.44
1529.04
1603.79
0.00
0.00
0.00
0.00
0.00
0.00
0.00
0.00
0.00
0.00
0.00
0.00
909.07
2341.30
2926.22
3497.72
3958.59
4208.59
3780.65
1485.33
3237.97
2579.34
1611.96
993.31
31.15
0.00
0.00
0.00
0.00
0.00
0.00
0.00
0.00
0.00
0.00
0.00
0.00
0.00
193.34
581.10
1741.36
1459.64
273.68
0.00
0.00
0.00
0.00
0.00
0.00
0.00
0.00
0.00
0.00
0.00
0.00
0.00
0.00
0.00
0.00
0.00
0.00
0.00
0.00
0.00
1101.02
505.70
0.00
0.00
0.00
0.00
0.00
0.00
0.00
0.00
0.00
0.00
0.00
0.00
0.00
0.00
0.00
0.00
0.00
0.00
0.00
0.00
0.00
0.00
0.00
0.00
0.00
0.00
0.00
0.00
0.00
0.00
0.00
0.00
0.00
0.00
0.00
0.00
0.00
0.00
0.00
0.00
0.00
0.00
0.00
0.00
0.00
0.00
0.00
0.00
0.00
0.00
0.00
0.00
0.00
0.00
0.00
0.00
0.00
0.00
0.00
0.00
0.00
0.00
0.00
981.36
1426.50
1276.42
2228.61
2557.36
3592.22
3999.97
3726.59
2527.64
13.82
0.00
0.00
0.00
0.00
0.00
0.00
0.00
0.00
0.00
0.00
0.00
0.00
0.00
0.00
0.00
0.00
0.00
0.00
0.00
0.00
0.00
0.00
0.00
0.00
0.00
0.00
0.00
0.00
0.00
0.00
0.00
0.00
0.00
0.00
0.00
0.00
0.00
0.00
0.00
0.00
0.00
0.00
0.00
0.00
0.00
0.00
0.00
0.00
0.00
0.00
0.00
0.00
0.00
0.00
0.00
0.00
0.00
0.00
0.00
0.00
0.00
0.00
0.00
0.00
0.00
0.00
0.00
0.00
0.00
0.00
0.00
0.00
0.00
0.00
0.00
0.00
0.00
0.00
0.00
0.00
0.00
0.00
0.00
0.00
0.00
0.00
0.00
0.00
0.00
0.00
0.00
0.00
0.00
0.00
0.00
0.00
0.00
0.00
0.00
0.00
0.00
0.00
0.00
0.00
0.00
0.00
0.00
0.00
0.00
0.00
0.00
0.00
0.00
0.00
0.00
0.00
0.00
0.00
0.00
0.00
0.00
0.00
0.00
0.00
0.00
0.00
0.00
0.00
0.00
0.00
0.00
0.00
0.00
0.00
0.00
0.00
0.00
0.00
0.00
0.00
0.00
0.00
278.76
0.00
0.00
0.00
0.00
0.00
0.00
0.00
0.00
0.00
0.00
0.00
0.00
0.00
0.00
0.00
0.00
0.00
0.00
0.00
0.00
0.00
0.00
0.00
0.00
0.00
0.00
0.00
0.00
0.00
0.00
0.00
0.00
0.00
0.00
0.00
0.00
0.00
0.00
0.00
0.00
0.00
0.00
0.00
0.00
0.00
0.00
332.68
720.45
1316.98
1813.71
874.20
1462.75
182.55
0.00
0.00
0.00
0.00
0.00
0.00
0.00
0.00
0.00
0.00
0.00
0.00
570.23
1899.10
3230.21
4624.73
4306.40
5497.34
5790.84
5419.64
4992.84
3258.22
1284.50
2000.92
2301.61
1891.10
796.40
0.00
0.00
0.00
0.00
0.00
0.00
0.00
0.00
0.00
1826.33
4816.07
5554.31
7105.57
7805.44
9318.90
8641.97
6574.06
3818.38
998.88
0.00
0.00
0.00
0.00
0.00
0.00
0.00
0.00
0.00
0.00
0.00
0.00
0.00
0.00
0.00
0.00
0.00
432.54
2028.27
3512.25
4055.97
3328.90
615.43
0.00
0.00
0.00
0.00
0.00
0.00
0.00
0.00
0.00
0.00
0.00
0.00
0.00
0.00
0.00
0.00
0.00
445.66
1173.92
1597.81
2008.68
2309.35
1844.21
514.59
620.35
0.00
0.00
0.00
0.00
0.00
0.00
0.00
0.00
0.00
0.00
0.00
0.00
0.00
0.00
0.00
354.36
718.86
1036.26
2211.16
2530.51
2773.79
1459.88
238.10
0.00
0.00
0.00
0.00
0.00
0.00
0.00
0.00
0.00
0.00
0.00
0.00
0.00
0.00
0.00
0.00
161.21
544.20
2634.89
3047.40
3393.98
2722.16
1536.82
526.18
0.00
0.00
0.00
0.00
0.00
0.00
0.00
0.00
0.00
0.00
0.00
0.00
0.00
0.00
0.00
0.00
0.00
0.00
0.00
0.00
0.00
668.99
0.00
0.00
0.00
0.00
0.00
0.00
0.00
0.00
0.00
0.00
0.00
0.00
0.00
0.00
0.00
0.00
0.00
0.00
0.00
0.00
0.00
0.00
0.00
0.00
0.00
0.00
0.00
0.00
0.00
0.00
0.00
0.00
0.00
0.00
0.00
0.00
0.00
0.00
0.00
0.00
0.00
0.00
0.00
0.00
0.00
0.00
0.00
0.00
0.00
0.00
0.00
0.00
0.00
0.00
0.00
0.00
0.00
0.00
0.00
0.00
0.00
0.00
0.00
0.00
0.00
0.00
0.00
0.00
0.00
0.00
0.00
0.00
0.00
0.00
0.00
0.00
0.00
0.00
0.00
0.00
0.00
0.00
0.00
0.00
0.00
0.00
0.00
0.00
0.00
0.00
0.00
0.00
596.08
1897.23
2367.34
2831.76
643.77
0.00
0.00
0.00
0.00
0.00
0.00
0.00
0.00
0.00
0.00
0.00
0.00
0.00
0.00
0.00
0.00
0.00
0.00
0.00
0.00
0.00
0.00
0.00
0.00
0.00
0.00
0.00
0.00
0.00
0.00
0.00
0.00
0.00
0.00
0.00
0.00
0.00
0.00
0.00
0.00
0.00
0.00
0.00
0.00
0.00
0.00
0.00
0.00
0.00
0.00
0.00
0.00
0.00
0.00
0.00
0.00
0.00
0.00
0.00
0.00
0.00
0.00
0.00
0.00
0.00
0.00
0.00
0.00
0.00
0.00
0.00
0.00
0.00
0.00
0.00
0.00
0.00
0.00
0.00
0.00
0.00
0.00
0.00
0.00
0.00
0.00
0.00
0.00
0.00
0.00
0.00
0.00
138.20
788.77
347.49
292.02
0.00
0.00
0.00
0.00
0.00
0.00
0.00
0.00
0.00
0.00
0.00
0.00
0.00
0.00
0.00
0.00
0.00
0.00
0.00
0.00
0.00
0.00
0.00
0.00
0.00
0.00
0.00
0.00
0.00
0.00
0.00
0.00
0.00
0.00
0.00
0.00
0.00
0.00
0.00
0.00
0.00
0.00
0.00
221.94
107.85
818.08
1440.68
1337.56
396.68
0.00
634.58
0.00
0.00
0.00
0.00
0.00
0.00
0.00
0.00
0.00
0.00
0.00
0.00
0.00
0.00
1124.74
1804.72
1594.44
1234.43
2577.05
3782.66
3240.34
1119.78
947.37
0.00
0.00
0.00
0.00
0.00
0.00
0.00
0.00
0.00
0.00
0.00
0.00
0.00
0.00
0.00
0.00
1098.59
1577.59
2019.78
2374.21
2697.18
1816.17
0.00
0.00
0.00
0.00
0.00
0.00
0.00
0.00
0.00
0.00
0.00
0.00
0.00
0.00
0.00
0.00
0.00
0.00
1082.37
1525.75
1955.17
3184.17
4340.64
3632.69
102.15
0.00
0.00
0.00
0.00
0.00
0.00
0.00
0.00
0.00
0.00
0.00
0.00
0.00
0.00
0.00
0.00
1426.60
1243.75
1808.90
2319.38
2757.79
4040.15
3507.05
2103.01
1907.36
1735.05
0.00
813.80
0.00
0.00
0.00
0.00
0.00
0.00
0.00
0.00
0.00
0.00
1281.01
1801.35
5051.77
5764.27
6471.62
7875.86
9429.21
9985.86
8501.10
6527.13
4928.99
3368.30
666.28
1387.10
0.00
0.00
0.00
0.00
0.00
0.00
0.00
0.00
0.00
1733.24
1820.68
3397.48
4223.37
4364.69
5505.49
6454.39
6526.79
5831.10
3439.32
3418.18
1032.65
0.00
0.00
0.00
0.00
0.00
0.00
0.00
0.00
0.00
0.00
0.00
0.00
0.00
0.00
0.00
0.00
0.00
90.73
645.57
1979.96
3300.89
2980.41
325.31
0.00
0.00
0.00
0.00
0.00
0.00
0.00
0.00
0.00
0.00
0.00
0.00
0.00
0.00
0.00
0.00
0.00
0.00
0.00
0.00
0.00
0.00
0.00
0.00
0.00
0.00
0.00
0.00
0.00
0.00
0.00
0.00
0.00
0.00
0.00
0.00
0.00
0.00
0.00
0.00
0.00
0.00
0.00
0.00
0.00
0.00
0.00
0.00
0.00
0.00
0.00
0.00
0.00
0.00
0.00
0.00
0.00
0.00
0.00
0.00
0.00
0.00
0.00
0.00
0.00
0.00
0.00
0.00
636.28
1149.90
608.16
0.00
0.00
0.00
0.00
0.00
0.00
0.00
0.00
0.00
0.00
0.00
0.00
0.00
0.00
0.00
0.00
0.00
0.00
0.00
0.00
0.00
0.00
0.00
0.00
0.00
0.00
0.00
0.00
0.00
0.00
0.00
0.00
0.00
0.00
0.00
0.00
0.00
0.00
0.00
0.00
0.00
0.00
0.00
0.00
0.00
0.00
0.00
0.00
0.00
0.00
0.00
0.00
0.00
0.00
0.00
0.00
0.00
0.00
0.00
0.00
0.00
0.00
0.00
0.00
0.00
0.00
0.00
0.00
0.00
0.00
471.39
0.00
0.00
0.00
0.00
0.00
0.00
0.00
0.00
0.00
0.00
0.00
0.00
0.00
0.00
0.00
0.00
0.00
0.00
0.00
0.00
0.00
1238.91
2643.84
3120.37
1762.11
1738.85
637.10
0.00
0.00
0.00
0.00
0.00
0.00
0.00
0.00
0.00
0.00
0.00
0.00
0.00
0.00
0.00
0.00
948.96
2566.01
3983.07
4554.42
5057.04
4676.27
2399.33
1639.25
0.00
0.00
0.00
0.00
0.00
0.00
0.00
0.00
0.00
0.00
0.00
0.00
0.00
0.00
0.00
791.47
2246.23
3662.59
4285.27
4855.06
5360.25
5587.13
2693.73
2659.69
1279.81
408.34
0.00
0.00
0.00
0.00
0.00
0.00
0.00
0.00
0.00
0.00
0.00
0.00
1970.72
3343.22
3798.12
4268.82
4683.63
5935.62
5507.21
5546.37
4436.56
3263.86
1779.73
0.00
0.00
0.00
0.00
0.00
0.00
0.00
0.00
0.00
0.00
0.00
0.00
0.00
150.97
1902.00
2498.80
3970.02
5408.61
5960.80
6530.03
5169.25
2792.43
2276.31
0.00
0.00
0.00
0.00
0.00
0.00
0.00
0.00
0.00
0.00
0.00
0.00
0.00
0.00
0.00
1771.33
2492.79
3227.39
5618.04
6278.18
6947.75
7288.40
3765.04
2273.06
0.00
0.00
0.00
0.00
0.00
0.00
0.00
0.00
0.00
0.00
0.00
0.00
0.00
0.00
0.00
603.59
2202.56
2903.30
3597.86
5045.61
6508.08
6332.99
2916.55
950.96
0.00
0.00
0.00
0.00
0.00
0.00
0.00
0.00
0.00
0.00
0.00
0.00
0.00
0.00
0.00
0.00
0.00
1343.89
2784.33
4363.86
5031.33
4668.04
3306.41
1761.68
17.56
0.00
0.00
0.00
0.00
0.00
0.00
0.00
0.00
0.00
0.00
0.00
0.00
0.00
0.00
0.00
54.42
950.55
2392.66
2917.37
3504.26
4088.27
453.50
0.00
0.00
0.00
0.00
0.00
0.00
0.00
0.00
0.00
0.00
0.00
0.00
0.00
0.00
0.00
0.00
0.00
0.00
1326.99
1854.85
2233.86
2545.76
2735.12
2462.53
763.43
0.00
0.00
0.00
0.00
0.00
0.00
0.00
0.00
0.00
0.00
0.00
0.00
0.00
0.00
0.00
0.00
0.00
468.01
1846.43
3175.91
3645.27
3471.07
1095.94
0.00
0.00
0.00
0.00
0.00
0.00
0.00
0.00
0.00
0.00
0.00
0.00
0.00
0.00
0.00
0.00
0.00
0.00
0.00
0.00
0.00
0.00
0.00
0.00
0.00
0.00
0.00
0.00
0.00
0.00
0.00
0.00
0.00
0.00
0.00
0.00
0.00
0.00
0.00
0.00
0.00
0.00
0.00
0.00
0.00
0.00
0.00
0.00
0.00
0.00
0.00
0.00
0.00
0.00
0.00
0.00
0.00
0.00
0.00
0.00
0.00
0.00
0.00
0.00
0.00
0.00
0.00
0.00
0.00
0.00
0.00
0.00
0.00
0.00
0.00
0.00
0.00
0.00
0.00
0.00
0.00
0.00
0.00
0.00
0.00
0.00
0.00
0.00
0.00
0.00
0.00
0.00
0.00
0.00
0.00
0.00
0.00
0.00
0.00
0.00
0.00
0.00
0.00
0.00
0.00
0.00
0.00
0.00
0.00
0.00
0.00
0.00
0.00
0.00
0.00
0.00
1362.40
2041.39
3373.70
2194.52
0.00
0.00
0.00
0.00
0.00
0.00
0.00
0.00
0.00
0.00
0.00
0.00
0.00
0.00
0.00
0.00
0.00
476.39
2098.51
3671.13
3515.48
4161.85
4633.35
3454.39
3264.41
2718.36
1165.68
174.12
0.00
0.00
0.00
0.00
0.00
0.00
0.00
0.00
0.00
0.00
0.00
0.00
1808.04
1034.06
1599.72
1820.18
2054.09
2321.41
2472.62
1551.61
1814.98
250.72
0.00
0.00
0.00
0.00
0.00
0.00
0.00
0.00
0.00
0.00
0.00
0.00
0.00
0.00
0.00
0.00
0.00
0.00
0.00
0.00
0.00
0.00
0.00
0.00
0.00
0.00
0.00
0.00
0.00
0.00
0.00
0.00
0.00
0.00
0.00
0.00
0.00
0.00
0.00
0.00
143.39
1592.84
2054.60
3419.61
3677.95
1512.31
1129.91
0.00
0.00
0.00
0.00
0.00
0.00
0.00
0.00
0.00
0.00
0.00
0.00
0.00
0.00
1514.01
4087.12
4691.04
6245.58
6906.40
7447.97
8842.10
9312.03
6896.15
3979.52
280.12
0.00
0.00
0.00
0.00
0.00
0.00
0.00
0.00
0.00
0.00
0.00
0.00
0.00
0.00
0.00
915.73
2414.38
3809.74
4460.11
5010.48
5293.13
3882.75
2368.80
0.00
0.00
0.00
0.00
0.00
0.00
0.00
0.00
0.00
0.00
0.00
0.00
0.00
0.00
0.00
0.00
0.00
0.00
0.00
0.00
0.00
0.00
0.00
0.00
0.00
0.00
0.00
0.00
0.00
0.00
0.00
0.00
0.00
0.00
0.00
0.00
0.00
0.00
0.00
0.00
0.00
669.84
1228.76
1044.88
320.55
0.00
0.00
0.00
0.00
0.00
0.00
0.00
0.00
0.00
0.00
0.00
0.00
0.00
0.00
0.00
0.00
0.00
0.00
0.00
0.00
0.00
0.00
0.00
0.00
0.00
0.00
0.00
0.00
0.00
0.00
0.00
0.00
0.00
0.00
0.00
0.00
0.00
0.00
0.00
0.00
0.00
0.00
0.00
0.00
0.00
0.00
0.00
122.54
0.00
0.00
0.00
0.00
0.00
0.00
0.00
0.00
0.00
0.00
0.00
0.00
0.00
0.00
0.00
0.00
0.00
0.00
1722.22
2164.13
2648.64
3156.17
3495.47
4703.04
4181.87
493.53
0.00
0.00
0.00
0.00
0.00
0.00
0.00
0.00
0.00
0.00
0.00
0.00
0.00
0.00
0.00
86.26
1445.36
2089.63
3550.19
4211.79
5630.18
6183.95
6646.80
5572.03
4827.41
2809.87
3100.19
1720.23
0.00
107.54
7.81
0.00
0.00
0.00
0.00
949.12
2001.73
2278.12
1817.29
2981.17
4501.13
4905.30
5269.87
5613.40
5878.63
7841.85
7349.44
5996.77
5647.16
4535.17
4696.20
2905.45
3081.96
1836.02
1101.32
0.00
0.00
0.00
0.00
0.00
0.00
797.14
2673.18
3457.77
6061.02
7410.94
7904.06
9051.84
9770.99
10201.54
9234.64
7653.75
5942.33
1681.69
831.18
0.00
0.00
0.00
0.00
0.00
0.00
0.00
0.00
0.00
0.00
0.00
44.27
716.08
4262.37
4794.22
6193.67
6655.68
7940.86
7580.59
7981.07
5893.14
2543.66
0.00
0.00
0.00
0.00
0.00
0.00
0.00
0.00
0.00
0.00
0.00
0.00
0.00
0.00
0.00
0.00
30.43
1543.11
2239.12
3734.13
5165.08
4873.76
2067.66
0.00
0.00
0.00
0.00
0.00
0.00
0.00
0.00
0.00
0.00
0.00
0.00
0.00
0.00
0.00
0.00
0.00
250.18
1020.67
1724.79
2430.09
3861.98
3567.30
1755.08
750.23
0.00
0.00
0.00
0.00
0.00
0.00
0.00
0.00
0.00
0.00
0.00
0.00
0.00
0.00
0.00
0.00
339.83
683.36
1910.46
3156.17
3549.37
3862.25
2183.67
148.05
0.00
0.00
0.00
0.00
0.00
0.00
0.00
0.00
0.00
0.00
0.00
0.00
0.00
0.00
0.00
1047.23
1710.26
3242.60
3881.24
3552.95
4916.81
6134.96
3205.25
2189.81
346.24
0.00
0.00
0.00
0.00
0.00
0.00
0.00
0.00
0.00
0.00
0.00
0.00
0.00
0.00
0.00
87.80
2345.94
4719.50
6140.67
6616.18
6495.91
5016.85
5515.03
4591.71
3670.06
3744.88
1665.43
1575.87
4336.88
4510.97
2966.65
2152.31
1560.88
4191.88
3938.88
4489.23
4285.95
5292.32
6430.45
7556.31
7094.00
7436.79
7715.03
7938.87
8120.93
7907.35
7123.52
6728.09
6398.46
2478.41
678.67
0.00
0.00
0.00
0.00
0.00
0.00
0.00
0.00
0.00
0.00
224.85
1753.58
2128.10
3254.62
3665.14
4912.50
5252.45
5583.87
5480.44
1240.72
2225.15
0.00
0.00
0.00
0.00
0.00
0.00
0.00
0.00
0.00
0.00
0.00
0.00
0.00
0.00
1437.51
2334.00
3050.44
4075.61
4688.82
4689.94
5450.33
4389.26
2727.49
942.74
0.00
0.00
0.00
0.00
0.00
0.00
0.00
0.00
0.00
0.00
0.00
0.00
0.00
0.00
564.21
1996.12
1739.18
2763.85
3671.87
4958.33
5156.45
3852.30
1181.40
80.23
0.00
0.00
0.00
0.00
0.00
0.00
0.00
0.00
0.00
0.00
197.64
1974.97
2887.51
3493.21
6297.65
7802.60
8404.73
9831.20
11234.21
11794.70
11497.31
9845.80
7604.84
3737.25
3084.69
1239.72
428.62
0.00
0.00
0.00
0.00
0.00
0.00
0.00
11.73
947.40
2451.81
3176.23
4757.04
6094.54
6606.87
8780.46
8411.59
9773.12
10114.82
8295.38
5297.26
2614.03
0.00
0.00
0.00
0.00
0.00
0.00
0.00
0.00
0.00
0.00
0.00
0.00
496.14
1132.96
3870.58
4584.69
5215.48
6362.10
8070.36
8756.96
9102.62
7298.31
4298.11
2.06
0.00
0.00
0.00
0.00
0.00
0.00
0.00
0.00
0.00
0.00
0.00
0.00
0.00
0.00
0.00
1369.12
2049.83
2667.65
2390.96
2796.60
3246.93
2046.89
1197.41
0.00
0.00
0.00
0.00
0.00
0.00
0.00
0.00
0.00
0.00
0.00
0.00
0.00
156.51
1621.43
3691.14
4224.03
5618.33
6225.22
7618.43
8077.39
8504.06
7406.27
4774.83
103.89
0.00
0.00
0.00
0.00
0.00
0.00
0.00
0.00
0.00
0.00
0.00
0.00
0.00
0.00
741.41
1282.59
1855.90
3237.24
4619.93
4301.45
4718.50
3405.27
0.00
0.00
0.00
0.00
0.00
0.00
0.00
0.00
0.00
0.00
0.00
0.00
0.00
0.00
553.28
895.57
2557.36
2905.94
4230.67
3773.19
4686.79
6730.52
7190.39
6703.04
4964.95
3461.67
1781.87
0.00
0.00
0.00
0.00
0.00
0.00
0.00
0.00
0.00
1095.09
2437.27
3922.08
5615.48
7129.11
8444.36
9337.02
9707.76
11369.06
11933.44
11554.26
9580.00
7796.39
4532.66
1938.65
245.80
0.00
0.00
0.00
0.00
0.00
0.00
0.00
202.20
1595.03
3245.03
4927.07
5213.19
7616.67
8100.89
9438.96
9897.19
11183.72
11650.76
12073.88
11312.50
8008.08
3822.40
637.40
0.00
0.00
0.00
0.00
0.00
0.00
0.00
0.00
0.00
321.34
1731.69
3799.23
5252.22
7264.67
7815.88
9374.45
10836.85
11488.18
12879.19
14247.86
11947.16
8463.66
4773.11
827.19
0.00
0.00
0.00
0.00
0.00
0.00
0.00
0.00
0.00
0.00
0.00
831.36
3388.44
5488.84
6143.10
6785.79
9137.02
9776.60
10347.12
10797.14
10222.51
8046.57
6997.78
4421.37
3495.70
1680.61
1257.08
0.00
0.00
0.00
0.00
0.00
227.14
444.85
1330.92
1296.85
1476.93
2013.48
2037.28
2405.10
3431.90
3663.75
3847.21
4037.30
3727.20
3346.12
2984.97
1425.45
2903.41
1818.38
634.41
2365.40
1325.68
2273.16
1137.78
3074.83
3716.30
4979.03
5742.58
6073.61
7569.67
9405.92
9861.35
12045.75
11694.17
12925.83
14216.22
15545.05
14871.72
11479.00
8785.81
5505.77
3720.28
3483.17
2378.32
0.00
638.84
0.00
770.12
3951.10
3704.08
5048.21
5008.00
6451.58
8437.43
10705.41
12854.62
13900.10
14740.36
15617.94
15849.67
15632.12
16955.08
15362.66
13158.45
11151.31
9464.58
6928.51
6288.25
4118.84
3025.11
2604.76
2207.14
4192.15
6571.23
8206.41
9558.66
10932.14
11660.97
14715.83
15368.06
15981.47
17137.00
18571.99
19277.86
20667.21
20192.63
19508.84
15605.76
12785.31
10809.54
8055.78
7830.60
6010.43
5289.83
5060.70
4301.07
6893.14
8970.85
11351.35
12081.37
12544.90
14335.37
16611.07
17872.82
18416.48
19919.10
19778.40
21122.37
21544.51
21406.46
19683.90
16637.06
13974.81
11230.64
9591.07
7278.01
7123.47
5348.19
5299.52
5252.85
5504.92
8880.56
10319.12
9360.17
10949.73
12404.64
14534.65
15088.94
16435.96
16923.72
18258.79
18714.34
19936.72
20136.50
17741.46
14367.80
11294.58
9455.83
7689.25
5591.76
3349.28
1449.71
653.54
753.89
2847.79
4651.27
6263.60
6401.79
7514.72
8994.65
10594.09
11793.06
12446.57
12904.75
12527.83
12807.58
12994.34
12745.28
11575.03
10375.14
9096.65
7408.76
4549.68
4437.13
2970.11
2136.06
645.59
834.99
2763.83
3118.35
3463.59
3901.55
4630.15
5764.85
7038.53
7464.60
8673.73
8205.47
8599.27
8891.15
9965.22
10125.24
10386.16
8737.37
7424.87
5942.91
5124.64
3529.61
3509.08
2349.69
2170.77
2143.33
3467.93
4145.17
3952.41
4015.46
4735.36
5411.51
6312.71
6996.77
7628.47
7795.06
8091.34
8284.51
8456.10
8485.06
8717.98
5686.11
4351.78
4083.97
4051.72
1901.18
878.50
27.19
0.00
0.00
830.44
1097.52
2025.12
2020.65
2078.00
3962.28
4885.70
4950.99
6376.11
6766.08
7124.58
7390.17
7632.01
7635.88
7016.09
6570.92
5234.65
4997.92
4305.45
2957.29
2055.95
694.39
0.00
0.00
1852.89
3629.57
5506.12
4309.10
7025.09
7465.34
10088.47
10608.04
11976.02
10732.97
11107.76
11461.55
10908.12
10875.94
9709.90
8874.75
7929.19
7193.09
5258.37
3988.33
3205.90
2902.57
1745.37
656.35
1527.03
1779.36
2343.13
4047.80
4090.35
5060.88
5874.38
6138.05
6364.54
7435.09
7729.73
8814.92
9020.39
9205.53
9784.25
9637.88
7567.24
7108.68
7298.17
7046.47
5130.07
6674.71
6822.46
7305.00
8063.79
8485.33
8601.06
9253.20
10184.65
11439.31
12318.69
11767.68
11231.11
11410.82
10679.48
10774.05
10880.02
10850.37
9704.73
8791.13
8444.41
7712.79
6493.66
4880.16
2302.70
831.14
0.00
851.74
899.99
1159.33
981.52
1810.11
2997.69
4244.58
5442.98
5663.39
5996.43
6285.34
7378.62
7647.79
7792.22
7832.94
7600.00
7622.52
7331.40
6742.21
5056.97
4790.02
2505.32
2271.62
1918.10
2669.90
3263.29
4064.00
4160.23
5483.95
5300.17
7059.31
8802.21
8322.43
8629.72
9779.70
11763.77
13915.51
14389.03
14412.71
14018.82
12217.06
11123.33
10900.06
11042.14
10858.15
7348.63
6719.55
6171.88
6347.89
9518.22
9930.29
10917.15
12200.67
13851.48
14048.75
16370.33
16514.52
17308.16
18560.94
19054.01
19425.86
19608.32
19819.16
19212.86
17179.41
14181.72
12902.59
8810.81
5957.76
4163.21
1448.57
1882.83
3492.80
3129.48
4895.57
6354.84
6811.70
8304.79
9560.74
9590.56
9862.88
10219.91
10489.61
10756.14
10950.31
11064.27
10835.93
9788.92
7217.19
7227.88
7985.64
7099.51
6939.39
6394.14
4173.90
4234.37
5393.21
6499.86
7728.07
8173.33
8599.75
8580.58
9994.67
11574.03
12091.58
12380.03
12726.42
13102.39
13365.34
13594.59
12332.44
14144.99
12598.35
11593.47
10756.45
10049.59
9693.34
8756.92
7335.28
5563.88
8277.65
9269.49
10072.44
11359.42
12462.03
13969.97
14561.82
15813.15
16194.82
15789.03
15919.80
16319.02
16571.16
15903.02
15756.48
14251.37
12994.51
11783.43
9519.65
6638.44
6108.80
3805.11
2933.34
1174.21
2352.30
4208.17
5943.75
4981.81
5115.62
5565.68
7819.96
8418.43
8478.69
9006.14
9186.50
9468.10
9676.31
10634.98
10830.75
10330.54
9848.31
8311.49
7039.36
5750.00
4833.71
3822.28
2951.00
3180.47
4049.52
4934.41
6831.48
9604.06
9225.46
13027.37
14462.56
16734.86
17470.71
18968.19
19658.06
20300.53
20819.47
21339.47
20889.47
21615.68
19707.07
17637.14
13636.54
11781.34
10192.80
8433.28
6219.97
5329.97
7398.90
7546.61
6923.77
7321.01
8473.20
9375.10
10358.67
10612.31
9045.48
9210.19
9281.31
9350.87
8659.03
7802.41
7634.45
8124.87
6742.52
3619.01
2241.98
129.56
0.00
0.00
0.00
0.00
0.00
0.00
61.82
398.78
843.24
899.13
1143.35
3629.54
3915.83
5083.80
4630.87
4856.44
5134.52
6160.59
6356.03
6453.97
3884.61
2150.40
956.25
0.00
0.00
0.00
0.00
0.00
0.00
0.00
215.03
1267.41
1349.41
1969.89
3115.80
5105.24
6339.94
7685.19
8251.89
8762.75
9020.99
9468.69
10630.46
10663.26
8245.07
6366.71
3629.78
0.00
0.00
0.00
0.00
0.00
0.00
0.00
0.00
0.00
0.00
751.93
2092.74
3922.25
3359.59
3818.98
4160.71
4479.49
4757.08
4489.36
4218.97
4861.15
3101.12
477.33
0.00
0.00
0.00
0.00
0.00
0.00
0.00
0.00
0.00
0.00
0.00
0.00
0.00
2336.23
2807.49
3236.05
3565.06
3908.47
5080.19
5427.64
4678.47
6107.20
5493.10
4358.81
3223.23
1615.59
0.00
0.00
0.00
0.00
579.86
1897.23
1355.30
4958.52
5357.25
6281.08
8608.96
10775.62
12104.67
13635.09
14343.95
15720.49
16302.15
15584.62
16210.35
16590.19
15106.22
13611.62
10870.00
7935.93
6918.04
5497.45
4240.88
4461.34
4951.81
4937.77
5592.82
5379.63
4113.74
5051.67
5707.97
7030.22
7170.02
7345.54
7474.92
7628.68
7710.20
7615.90
7817.02
7654.54
7825.42
6215.31
4034.53
1849.27
1374.14
0.00
0.00
0.00
0.00
97.12
2062.49
1476.93
0.00
1917.55
1470.41
2312.84
2200.45
3557.49
3716.68
3086.20
3264.04
3278.89
3124.82
4396.69
3345.86
3495.92
1166.08
0.00
0.00
0.00
0.00
0.00
0.00
0.00
0.00
1835.69
1890.51
3205.15
3972.45
4017.10
4602.11
5051.58
6257.21
6640.78
6961.39
7302.95
6402.23
6797.95
3484.07
2539.99
1815.89
67.53
0.00
0.00
0.00
0.00
0.00
0.00
0.00
0.00
0.00
743.63
1897.65
2349.82
3382.68
4962.12
6269.57
6748.91
7291.81
8550.54
8899.03
9442.57
7200.74
4733.81
2682.24
711.62
0.00
0.00
0.00
0.00
1125.77
3670.94
4335.55
3744.71
5408.66
6264.45
6918.27
9649.33
9358.87
10727.03
11175.75
12484.71
13017.12
15111.70
14149.65
15139.73
13075.60
10903.21
8393.46
7951.06
6067.06
5347.67
4501.10
4453.83
6592.14
7818.55
8312.03
10357.26
10925.93
11622.53
13405.92
14838.80
16068.82
16746.79
18036.71
18564.12
18946.43
20118.19
20081.31
20221.20
19297.42
17288.72
14480.78
10105.79
9448.50
7679.34
5911.03
6663.18
8611.82
10178.24
12911.75
13838.72
14357.38
14625.32
15233.99
16151.32
16166.93
17290.01
17921.73
18606.58
18936.71
19290.41
19913.32
19630.79
19790.70
17115.28
13893.18
11472.00
8782.39
7594.66
6890.23
7218.53
6439.45
7679.23
8646.81
8072.70
9355.85
8850.04
9867.84
12559.83
13679.29
14073.50
15245.23
15568.50
15920.23
16212.73
16325.11
15388.17
14340.79
11341.32
8507.41
6554.06
5959.85
4540.72
1580.51
1437.77
4291.47
4367.64
6877.89
7541.55
9120.48
9098.69
10308.78
12266.95
12711.42
13194.63
14480.59
14857.71
13983.52
15468.11
15333.41
16169.41
12474.93
12084.18
9745.86
8555.39
6318.46
5339.17
4603.43
5549.10
7112.67
9668.74
10203.63
12720.72
12673.49
13046.79
14392.40
16291.23
16674.55
16316.75
15013.85
15307.68
14571.65
14511.33
14847.17
15513.01
13977.63
13008.58
11466.07
9935.77
8937.48
8338.92
7473.84
7013.66
9224.74
8263.90
7892.06
9151.77
9025.19
7500.24
9078.09
10023.30
10126.72
10233.04
10458.80
10582.47
10684.41
10817.18
10598.27
11324.56
11969.44
9848.02
8418.94
5663.88
4338.85
2917.19
57.17
2166.13
2495.27
3760.50
4979.64
5257.78
6754.27
7673.78
7313.40
8341.20
9442.91
9790.91
9294.37
9513.89
10421.76
12420.91
12287.86
13397.31
12506.24
8827.47
5830.17
3975.75
1939.74
0.00
0.00
0.00
1067.21
1460.49
4203.53
4573.61
4677.13
6206.53
7234.93
8585.08
8698.71
10174.90
10582.01
11852.70
12187.08
12561.80
13511.81
13313.03
12644.26
10904.53
8377.31
6303.77
4487.08
1401.09
1729.01
2291.99
3850.14
5946.48
7161.78
7949.35
9623.41
9741.51
12620.82
13549.36
14891.55
16268.03
16764.05
18105.27
18600.50
17971.53
19307.85
18272.37
16410.06
12834.85
9691.57
6796.07
5766.44
3211.13
2890.79
4458.97
4292.48
3415.91
6162.42
6285.98
7032.57
9119.08
9614.84
10582.82
11442.43
12149.13
12543.23
12888.93
13178.90
13473.89
12944.24
13689.10
13334.75
13148.66
12861.61
12123.24
11162.53
10583.42
10307.02
10034.70
11264.28
11102.86
11845.88
11833.48
11563.00
12424.92
14220.08
14818.20
14882.02
15189.99
16343.50
17490.83
16829.05
16904.96
17190.64
18140.51
16814.73
15298.44
13833.62
12844.86
10615.32
9447.20
7703.06
7812.72
8884.11
9191.69
10354.00
10662.27
9936.52
13047.46
13403.84
15268.63
15536.72
16722.02
15865.31
16505.51
16755.02
17724.41
17971.47
17087.78
16134.98
12829.74
11318.37
11075.74
10122.08
8036.27
8127.45
8660.76
8833.73
9578.46
10036.94
9872.71
10438.14
9775.51
11420.22
11329.72
12104.41
11649.78
12566.71
12836.20
13048.90
13179.41
13966.44
14739.15
13854.45
10925.64
9737.08
7842.98
6645.17
4161.55
2591.08
3227.27
3949.22
5161.13
5471.88
5859.40
6840.80
6942.19
7815.76
7837.52
8871.42
10005.72
11182.83
12373.56
11868.38
12034.69
11965.77
12777.95
12432.31
11431.89
11438.15
10805.46
8603.67
9638.80
5649.96
7627.24
8576.33
9607.91
9504.11
11024.92
12419.05
12332.74
13166.26
15015.26
15355.21
15704.95
15888.87
17093.47
18096.20
17779.03
18687.28
17563.05
18211.78
13679.31
12097.60
10146.95
10381.88
7719.93
6455.26
7472.79
9725.81
11375.50
11389.10
12647.45
12518.88
13223.82
14016.96
15144.45
16294.61
16655.22
17010.99
17304.81
17658.95
17700.45
17512.04
18161.93
18698.17
17010.43
15892.37
14420.39
12380.47
10027.78
9168.27
10284.46
11177.06
12860.74
14052.75
14668.45
13671.33
15651.27
17452.57
19863.84
21438.52
22188.47
22859.61
23172.57
23316.86
23399.34
22905.48
23585.04
24071.91
23739.56
22597.50
22274.28
21626.83
22212.53
21247.16
21480.17
21365.11
20703.40
21428.84
21217.19
20364.05
19958.75
20820.86
20589.14
20457.06
20455.86
20454.56
20429.79
20467.06
20518.26
20501.58
20393.03
20210.76
18267.17
16997.62
15597.72
13664.74
11356.45
8910.33
10757.35
12340.59
13652.14
14506.29
15287.08
15503.47
15460.70
16479.79
17484.04
17653.47
17948.02
17991.61
18441.22
18582.75
18689.23
18788.99
19500.58
18756.15
16843.41
15538.74
13988.38
12138.55
10188.60
9299.85
10454.52
11665.45
13479.99
14140.41
14937.86
15278.00
14841.23
16127.93
17200.44
17513.15
17706.84
17792.25
18237.82
18483.65
18639.88
18457.89
19345.62
18573.85
17637.13
16536.62
14709.16
12968.51
11553.56
9619.42
10841.99
12390.28
12980.88
15058.68
15460.60
17181.34
17981.80
19994.12
21589.97
22354.28
22851.18
23153.50
23286.54
23472.72
23704.71
23232.30
24711.38
24996.70
24326.42
23056.03
23156.87
22358.45
22749.33
21590.01
21798.16
21423.69
21395.23
22301.89
22064.39
22757.37
22691.60
23498.40
24985.67
25060.62
25517.22
25549.71
25262.42
25479.92
25473.31
25184.02
25958.70
26450.47
25955.78
24471.47
23891.33
22636.56
23307.53
22630.99
21822.43
21880.57
21975.76
22456.15
23549.41
23011.70
23969.46
25647.55
27023.09
27707.60
28360.56
28988.01
29365.79
29978.35
30168.25
29824.44
31156.67
30803.50
27864.11
27219.21
26548.18
24535.40
23703.43
23592.57
24065.88
24190.83
24466.19
24736.22
25518.75
25149.01
24902.72
25098.49
25786.35
25776.92
26233.02
26514.51
26452.68
26313.48
26079.25
25137.54
25454.47
25881.59
25448.76
24647.32
24230.25
23705.11
23737.53
22270.16
22437.56
21863.49
21577.07
21526.33
21326.62
21598.19
21383.35
24280.43
24612.30
24781.55
25711.37
26812.02
27044.56
27278.73
27435.31
27565.09
28192.97
27258.18
26182.09
25619.87
23599.55
22955.90
22296.56
22409.58
22064.95
22403.70
22092.20
22377.75
23155.28
23010.72
22810.45
22476.09
23768.29
23828.79
23965.64
23985.25
23267.46
23320.18
23326.37
23322.47
23825.60
23168.05
21764.99
19368.65
18315.61
17751.29
17993.66
17626.68
17852.31
17892.96
18681.98
18275.23
17478.70
18261.65
17877.49
19319.74
20198.42
21131.75
21399.22
22489.53
23561.11
23750.85
24034.35
23990.85
23477.43
23603.09
22019.34
21762.38
21222.93
21142.59
20559.40
21451.44
21844.16
21326.68
22049.56
20659.34
20563.81
20324.74
21102.99
21433.81
24667.23
24840.23
26066.88
27199.46
27521.19
27817.39
28957.85
29005.78
30251.29
30189.81
26217.79
26428.61
25714.15
24675.50
23333.26
23631.41
23505.32
24260.15
24863.40
24129.35
24742.19
24975.50
24761.71
25198.23
26081.00
26128.17
26366.50
26504.21
26658.07
27562.74
28618.69
28643.00
30149.72
29181.94
25291.93
21856.16
20872.82
18726.81
17663.59
16134.72
19102.71
20188.11
21198.39
21026.58
22210.42
22249.70
23536.00
23922.39
25137.29
25506.24
26703.62
27012.72
27425.78
27734.59
27956.78
27579.64
28613.79
27801.56
24868.59
21486.56
20129.89
19870.44
16626.57
16429.32
17349.66
18432.21
19744.10
20329.07
21051.34
21349.52
22349.18
22579.85
23849.63
24179.15
24518.00
24793.13
24198.08
24418.90
24649.45
25482.60
25469.74
25237.08
22369.82
20915.60
21168.71
21733.70
18523.18
18704.77
20134.01
21409.92
20786.28
22252.64
22031.20
21567.76
21931.17
22056.09
22062.09
20721.72
21147.48
21093.32
21162.81
21284.16
21324.77
21368.15
21545.01
20799.52
19453.95
18921.77
17577.13
17372.64
15196.49
15391.23
14988.79
15824.10
15601.73
15794.41
15151.49
15249.70
15374.43
17398.87
18482.51
20289.84
21516.23
21780.66
23798.31
25059.46
24548.65
26538.70
26857.98
27654.31
26258.87
25009.18
21093.67
20192.14
18852.73
21577.71
22080.29
21931.53
24143.03
23240.26
25036.93
24748.69
24712.03
24550.74
25707.39
25828.50
26041.56
26194.09
27259.35
27407.01
26969.72
27511.58
28000.86
29169.94
29057.72
27708.22
26652.38
23923.39
24428.75
23828.45
23778.23
24475.58
24745.40
25386.68
25434.10
26282.67
26456.34
27149.40
28460.72
29496.39
29704.47
29954.07
31070.53
31192.05
32299.37
32479.69
31844.71
30814.33
28684.54
28178.60
26626.90
26498.88
25934.91
25573.10
25709.89
24019.53
24235.28
23755.94
23451.98
21090.69
21292.18
21400.46
22595.54
23050.90
23388.90
24243.10
25068.82
25264.93
25389.38
24947.82
25600.15
25821.81
23269.07
23013.40
22465.11
21710.90
20816.01
20597.05
20116.93
20035.85
21436.51
22418.00
21361.33
19738.74
20184.82
21873.25
23023.95
24037.89
24261.34
24450.42
24662.52
25684.88
24967.48
24584.04
24471.54
25090.51
25272.05
25229.45
24701.20
24442.46
24027.37
23976.46
23602.14
24263.50
22906.87
23489.60
24087.41
23494.55
24589.42
23240.95
25038.39
25141.39
26139.38
26316.11
26431.22
26576.30
26604.85
26513.40
27399.37
26848.60
25365.10
23964.13
23645.00
21193.01
20801.76
21097.86
21518.19
22121.72
22617.85
22637.85
22556.80
22486.96
23115.12
23284.35
24197.60
24371.11
25385.50
25627.35
24926.71
25999.73
26110.64
26166.19
26708.27
26410.37
26032.85
24912.89
23628.72
21874.11
20387.04
19860.16
19745.23
19173.60
17879.53
18935.53
18962.55
18125.85
17592.28
17501.89
18193.57
18108.09
17189.44
17134.38
17013.62
16939.36
16866.14
16790.75
17097.97
16620.39
14969.73
14875.17
14710.00
13959.67
12611.28
13390.12
13741.17
13378.66
12812.79
13151.39
12714.29
12715.08
12147.24
13119.63
13949.86
13959.83
14004.61
14122.73
14950.85
15095.30
15186.71
14716.28
14982.56
15373.85
15407.33
14060.71
13598.51
13179.79
13175.44
13746.77
12801.92
12835.10
11786.29
13047.78
13791.45
13618.25
13977.28
14250.73
14924.83
14986.83
15093.76
15204.67
15322.89
16190.67
15870.68
16356.28
17656.95
18169.82
17774.88
17084.14
16979.53
16573.87
16166.12
16879.03
17055.61
15960.27
16972.42
16867.15
17555.12
17458.49
17802.10
18216.01
18923.58
19891.22
20122.69
20201.10
20352.78
20584.33
21418.89
21522.46
21607.30
22227.69
22535.06
22357.30
22154.99
21521.73
21738.52
22556.03
22184.41
20821.08
21143.12
21990.04
21746.08
21410.37
21104.41
22822.33
23384.01
23503.71
24502.20
24639.18
25683.36
25861.81
25869.67
26457.33
27151.24
27508.36
27357.29
27410.97
26028.08
25415.52
24894.27
24743.54
25139.64
24452.84
24600.81
23907.59
23482.05
24762.89
24295.25
24556.23
25482.20
25578.11
25640.91
26530.95
26661.15
27590.82
26750.07
26642.81
27701.06
28098.23
27636.75
27771.02
26541.28
25715.46
25657.65
25447.10
24379.72
24498.28
22491.38
23002.35
22951.25
22376.87
22535.95
21436.73
22486.19
22451.96
22363.63
22388.93
23149.76
24088.74
24143.01
24130.88
23627.38
22638.65
22910.78
21515.50
20440.19
20287.31
18387.92
19308.47
19032.08
17011.70
17973.17
17682.31
17246.34
17609.71
19015.60
20844.73
22225.72
22445.70
22610.10
22822.74
23037.80
24058.99
24319.29
25239.26
25206.07
24338.18
22792.75
18873.73
15783.06
13570.18
11114.99
10061.01
12080.36
12508.55
13749.54
14539.31
15672.86
14351.32
15700.87
17119.28
18309.29
19489.06
19810.11
20137.91
21284.16
21642.29
21922.58
21921.13
22854.64
22575.53
19500.82
18779.79
15963.81
12072.77
10066.03
9736.40
13730.11
14270.64
14326.45
17243.80
16666.60
16513.16
16795.41
17371.39
19390.82
19720.99
20028.42
21246.27
22409.51
22779.67
23920.64
24261.09
24421.07
25065.19
26046.12
24226.12
22795.21
21039.79
18403.25
17891.38
18844.13
19701.51
19649.63
19818.02
20751.47
20980.50
21434.15
21715.30
22613.32
23663.72
23880.64
24122.16
24313.68
24524.58
24701.97
23850.04
24932.73
25295.12
24246.58
22182.16
19417.88
18634.23
18275.41
18465.55
19166.66
17048.54
17919.26
18064.60
18557.60
18233.45
17713.87
17954.92
19131.08
20091.45
20309.34
20472.38
21450.35
22451.95
23304.89
23573.11
24387.46
24393.61
21836.40
19970.43
17842.54
17879.16
16470.43
16643.67
16902.37
16563.68
15943.98
16697.29
17266.16
18544.46
18862.83
19489.40
21470.89
21761.78
22006.55
23133.17
22621.00
22468.54
22940.27
22857.16
23143.59
23630.15
22622.13
20307.78
17544.08
16049.60
13668.99
14178.41
15316.02
15082.52
15408.95
16318.61
16648.02
16914.68
16262.38
18101.08
19017.19
19231.12
18614.85
18847.59
18137.22
17384.60
18259.85
19116.05
19408.00
18358.43
16433.77
15199.85
14076.55
13127.25
12300.25
12500.04
12649.94
11480.54
12698.96
12451.06
12533.03
11577.17
11527.48
11875.18
12540.35
12556.84
14356.26
15358.81
16438.06
16463.12
16934.04
16738.36
17283.00
17690.12
17810.56
17274.84
14256.42
11945.91
12221.31
12027.49
13372.16
14098.14
14326.71
16725.38
16476.66
15734.17
15623.19
16177.27
16028.44
16894.79
17153.05
16486.28
14897.33
14902.55
13684.82
14406.90
14894.62
14202.11
12129.79
11714.27
9662.28
8913.29
7539.31
7351.93
9401.98
9014.46
10145.42
11303.81
11778.07
11714.52
12161.38
12986.54
12830.78
13204.12
13533.19
13746.32
13969.22
13353.77
14303.07
13362.14
14286.68
14833.91
13832.42
11061.75
9112.79
7919.25
7567.18
8283.42
8981.79
9771.12
10710.30
12317.86
12676.05
12041.71
13146.76
14713.82
15944.59
16322.08
16755.89
17926.92
17419.98
17713.24
18004.50
16966.09
18879.70
19113.80
19115.81
18090.94
17810.56
16222.35
16038.33
16050.26
15958.01
16393.82
16486.18
15754.98
16110.22
16858.48
15416.05
16591.90
17716.06
17789.18
17731.51
18000.74
18095.57
18017.23
18301.26
18470.56
18450.95
18684.67
18279.68
16200.71
13792.06
12575.14
12283.59
12264.22
14008.00
14298.82
14433.38
14592.76
14582.69
14380.50
14685.00
14646.61
15602.22
15629.52
15943.82
16918.11
17165.67
17301.29
15617.38
14502.47
16002.30
15862.07
14778.85
14169.65
11331.89
10236.39
8697.22
8335.22
9607.52
10597.57
10913.35
10224.11
11788.24
13524.12
13269.45
14384.84
15304.10
15641.87
15932.56
16204.08
16488.03
16708.26
16941.33
15730.31
17525.27
17273.32
17433.08
16852.08
17089.94
16140.71
13864.85
14868.03
14997.31
15552.90
14375.84
17452.85
18442.96
18992.30
17945.48
18786.59
20460.58
20674.03
20869.78
21830.20
21473.45
21591.16
21789.83
22473.69
23504.13
23658.74
23436.52
23047.14
20301.41
17286.78
16007.96
17331.10
17932.25
19039.23
19346.01
20661.89
21182.03
21720.92
22035.44
24133.39
25259.11
25594.49
25952.76
26250.02
26544.56
26782.06
27636.59
26713.74
27949.63
28053.04
27187.06
26528.54
25186.42
22164.35
20031.89
19748.41
21418.68
21698.62
22390.20
22539.86
22315.51
23342.10
23545.95
24105.61
